fem =

  scalar structure containing the fields:

    Points =

      -2.5336e-02  -1.9186e-02   2.7637e-02
      -1.0256e-02  -2.6082e-02   3.2064e-02
      -2.0629e-02  -1.7128e-02   2.8095e-02
      -3.2567e-02   2.0366e-02  -2.1182e-02
      -2.9110e-02   2.2042e-02  -1.7549e-02
      -2.8945e-02   2.0143e-02  -2.1265e-02
      -3.2649e-02   1.8695e-02   7.9383e-03
      -2.8534e-02   1.5454e-02   1.1555e-02
      -2.8843e-02   1.8973e-02   7.4267e-03
      -2.8235e-02   1.2039e-02   1.4359e-02
      -2.8502e-02   1.5087e-02  -2.4106e-02
       1.4035e-02  -3.3976e-02  -1.4224e-02
      -6.2407e-03  -3.4168e-02  -1.4595e-02
       8.4310e-03  -3.6491e-02  -1.8026e-02
      -7.0565e-04  -3.1216e-02   8.9067e-03
       9.3512e-03  -3.0897e-02   8.8900e-03
       1.2865e-02  -3.2249e-02   1.1290e-02
      -1.1188e-03  -3.3013e-02   1.2612e-02
       2.7149e-03  -3.6481e-02   1.7664e-02
      -2.6278e-02  -1.0337e-02   2.5165e-02
      -3.0819e-02  -7.9781e-03   2.3204e-02
      -3.0549e-02   5.5068e-03   1.7982e-02
       4.0867e-03  -2.9480e-02   3.6420e-02
      -3.3172e-03  -3.1894e-02   3.3408e-02
       3.6497e-03  -3.1322e-02   3.5521e-02
       2.8771e-02  -1.9666e-03   3.3130e-02
       3.1675e-02  -1.4225e-02   3.3947e-02
       3.4196e-02  -8.1167e-03   2.8010e-02
       3.1365e-02  -3.3928e-04   2.6947e-02
       3.4933e-02  -1.6781e-02   2.0514e-02
       2.7629e-02  -2.5882e-02   3.1204e-02
       2.9729e-02  -2.6429e-02   2.1688e-02
       1.9089e-02  -3.3772e-02   2.5276e-02
       2.9252e-02   2.4061e-03   2.0600e-02
       3.3596e-02  -5.3769e-03   1.5841e-02
       3.0215e-02  -2.1824e-02   1.2500e-02
       2.5621e-02  -2.8134e-02   1.4448e-02
       3.0269e-02  -1.3587e-02   8.7807e-03
       2.9260e-02  -2.7229e-03   1.1280e-02
       1.9171e-02  -2.7562e-02   9.0901e-03
       2.7174e-02  -1.8990e-02   3.6490e-02
       2.8465e-02  -1.2032e-02   3.6406e-02
       2.2576e-02  -2.4496e-02   3.6499e-02
       1.2906e-02  -2.9256e-02   3.6451e-02
       1.6534e-02  -2.7987e-02   3.6434e-02
       1.7044e-02  -2.7484e-02   3.6500e-02
       9.7110e-03  -2.9990e-02   3.6498e-02
       1.9763e-02  -2.6323e-02   3.6471e-02
       1.5553e-02  -3.2422e-02   3.2030e-02
       6.1852e-05  -2.9465e-02   3.5218e-02
      -8.7852e-03  -2.7484e-02   3.2514e-02
      -1.2328e-02  -3.0523e-02   3.1221e-02
      -2.4433e-02  -2.4196e-02   2.2266e-02
      -2.7258e-02   8.6747e-04   2.0619e-02
      -3.4769e-02   4.0851e-03   1.1764e-02
      -2.7721e-02   6.1569e-03   1.8058e-02
      -2.8886e-02   1.9476e-02   5.4757e-03
      -3.4582e-02   8.7267e-03   5.0065e-03
      -3.2171e-02  -1.2376e-02   1.7836e-02
      -3.3412e-02  -8.4712e-03   9.6231e-03
      -3.0970e-02   1.9760e-02  -6.0064e-03
      -3.0068e-02   2.0745e-02  -4.2496e-03
      -3.0034e-02   2.2297e-02  -1.5439e-02
      -3.2566e-02   1.0886e-02  -1.4683e-02
      -3.1760e-02  -4.5410e-03  -1.3683e-02
      -3.1639e-02   4.0879e-03  -5.7493e-03
      -3.5310e-02   6.6239e-03  -2.1346e-02
      -3.3361e-02  -7.2033e-03  -2.5318e-02
      -3.2105e-02  -1.2423e-02  -1.8642e-02
      -2.8005e-02   9.4040e-03  -2.6504e-02
      -2.7587e-02   4.6306e-03  -2.8021e-02
      -3.3013e-02   5.3343e-03  -2.7757e-02
      -2.6837e-02  -3.9454e-03  -2.9953e-02
      -2.9361e-02  -7.2276e-03  -3.0501e-02
      -2.9577e-02  -1.4079e-02  -2.9569e-02
      -1.2045e-02  -3.0329e-02  -1.1838e-02
      -1.3010e-02  -3.3120e-02  -2.2924e-02
      -2.2792e-02  -2.6062e-02  -1.7919e-02
      -2.5442e-02  -2.3303e-02  -2.4204e-02
      -2.0774e-02  -2.4302e-02  -3.1645e-02
      -1.4964e-02  -2.7259e-02  -3.3094e-02
      -4.5267e-03  -3.2244e-02  -3.4001e-02
      -2.0444e-03  -3.6287e-02  -2.4323e-02
       7.1933e-03  -3.5200e-02  -3.0342e-02
      -2.7020e-02  -1.3404e-02  -9.5397e-03
      -2.8809e-02  -9.3106e-03  -3.0428e-03
      -2.4879e-02  -1.6614e-02   2.4290e-03
      -2.7257e-02  -2.0310e-02   1.3136e-02
      -2.1819e-02  -2.0043e-02  -7.2053e-03
      -1.4263e-02  -2.5885e-02  -5.2513e-03
      -1.5546e-02  -2.4879e-02   2.6811e-03
      -2.1227e-02  -2.2152e-02   7.3003e-03
      -1.3106e-02  -2.8427e-02   9.2525e-03
      -2.0719e-02  -2.7851e-02   1.5894e-02
      -9.4493e-03  -3.3832e-02   1.6448e-02
      -1.2887e-02  -3.3058e-02   2.3278e-02
       3.6988e-04  -3.6643e-02   2.3002e-02
      -4.0372e-03  -3.4457e-02   2.8798e-02
       5.5124e-03  -3.5897e-02   2.8188e-02
       1.5560e-02  -3.4866e-02   1.9062e-02
       2.8118e-02  -1.8191e-02   8.8900e-03
       2.7322e-02  -5.8797e-03   9.5124e-03
       2.7456e-02   1.8219e-03   1.5810e-02
       2.7402e-02  -1.2927e-03   1.1975e-02
       2.7265e-02  -9.1563e-03   8.8933e-03
       2.7468e-02   2.4936e-03   2.8245e-02
       2.7319e-02  -6.0196e-03   3.5925e-02
       2.7404e-02  -1.1749e-03   3.3047e-02
       2.7485e-02   3.4198e-03   2.4077e-02
       8.8992e-03  -2.9464e-02   3.6498e-02
       2.7111e-02  -1.7874e-02   3.6500e-02
       2.7262e-02  -9.3066e-03   3.6498e-02
      -2.6189e-02  -1.0424e-02  -3.1132e-02
      -5.9258e-04  -2.9466e-02  -3.5654e-02
       3.2437e-02  -1.4907e-02  -1.2217e-02
       2.8478e-02  -1.8966e-02  -9.0944e-03
       2.9369e-02  -2.5707e-02  -1.5840e-02
       2.9499e-02  -5.2766e-03  -9.2130e-03
       3.3699e-02  -8.0066e-03  -1.5108e-02
       3.1152e-02   7.5444e-04  -1.7704e-02
       3.4377e-02  -1.7634e-02  -1.9844e-02
       3.0812e-02  -2.3994e-02  -2.7929e-02
       3.0363e-02   2.3719e-03  -2.3169e-02
       3.4203e-02  -6.9380e-03  -2.6433e-02
       3.3992e-02  -1.6429e-02  -2.7582e-02
       2.5590e-02  -2.8430e-02  -2.9714e-02
       2.3365e-02  -3.1400e-02  -2.0099e-02
       2.9497e-02  -1.1273e-03  -3.1287e-02
       3.2245e-02  -1.1328e-02  -3.2749e-02
       2.8986e-02  -2.0140e-02  -3.3887e-02
       2.9325e-02  -8.1522e-03  -3.6507e-02
       2.5122e-02  -2.3144e-02  -3.5818e-02
       2.7787e-02  -1.7675e-02  -3.6504e-02
       1.9376e-02  -2.7326e-02  -3.6326e-02
       2.1528e-02  -2.7413e-02  -9.1120e-03
       1.9457e-02  -3.2956e-02  -2.6496e-02
       1.4806e-02  -2.9809e-02  -8.9136e-03
       9.6377e-03  -3.0040e-02  -3.6498e-02
      -7.7456e-04  -3.1173e-02  -8.8901e-03
       8.9003e-03  -3.0983e-02  -8.8900e-03
      -9.6288e-03  -2.8094e-02   3.0731e-03
      -4.2615e-03  -3.0702e-02   8.2096e-03
      -4.2881e-03  -3.0726e-02  -8.1742e-03
      -8.0898e-03  -2.9079e-02  -5.8135e-03
      -1.0293e-02  -2.7589e-02  -1.1978e-03
      -7.8414e-03  -2.9220e-02   5.8496e-03
      -2.3905e-03  -3.0898e-02  -8.7500e-03
      -8.9294e-03  -2.7927e-02  -1.6486e-03
       1.7334e-02  -2.7484e-02   8.8900e-03
       2.7482e-02   3.2614e-03   2.0154e-02
      -8.8299e-03  -2.7483e-02  -3.4193e-02
       4.2932e-03  -2.9469e-02  -3.6491e-02
       2.6322e-02  -2.0610e-02  -3.6431e-02
       2.7482e-02   3.2953e-03  -2.1059e-02
       2.7479e-02   3.0470e-03  -2.6647e-02
       2.7359e-02  -3.7792e-03  -3.4843e-02
       2.7439e-02   8.1188e-04  -3.1064e-02
       2.7276e-02  -8.5183e-03  -8.9004e-03
       2.7361e-02  -3.6804e-03  -1.0557e-02
       2.7424e-02  -6.6387e-05  -1.3296e-02
       2.7453e-02   1.6293e-03  -1.5575e-02
       2.7110e-02  -1.7875e-02  -8.8904e-03
       2.7272e-02  -8.7906e-03  -3.6496e-02
       2.6892e-02  -1.7899e-02  -3.6500e-02

    ConnectivityList =

         1     2     3
         4     5     6
         7     8     9
        10     8     7
         6    11     4
        12    13    14
        15    16    17
        15    17    18
        18    17    19
        20    21     1
        22    21    20
        23    24    25
        26    27    28
        26    28    29
        30    27    31
        28    27    30
        30    31    32
        32    31    33
        34    29    35
        35    29    28
        28    30    35
        36    30    32
        36    32    37
        35    30    38
        30    36    38
        34    35    39
        39    35    38
        37    32    33
        36    37    40
        31    27    41
        41    27    42
        43    31    41
        44    45    46
        47    44    46
        46    48    43
        43    48    31
        45    44    49
        49    44    47
        50    51    52
        23    50    24
        24    50    52
        51     2    52
         2     1    52
        52     1    53
         1     3    20
        20    54    22
        22    55    21
        55    22     7
        56    10    22
        10     7    22
        54    56    22
         7     9    57
         7    58    55
        59    55    60
        55    59    21
        61    58     7
        60    55    58
        62    61     7
        63     4    61
        63    61    62
        62     7    57
        64    65    66
        61    64    66
        61    66    58
        60    58    66
        67    64     4
        61     4    64
        67    68    69
        69    65    67
        67    65    64
         5     4    63
        70    71    72
        11    70    72
        11    72     4
        71    73    72
        67     4    72
        67    72    68
        72    74    75
        13    76    77
        77    76    78
        79    75    80
        81    82    77
        80    81    77
        79    80    77
        77    82    83
        68    75    69
        69    75    79
        79    77    78
        13    77    83
        69    79    78
        83    82    84
        13    83    14
        69    78    85
        65    69    85
        86    65    85
        66    65    86
        86    85    87
        60    66    86
        60    86    87
        60    87    88
        89    85    78
        78    76    89
        76    90    89
        89    90    87
        89    87    85
        90    91    87
        87    91    92
        91    93    92
        92    93    94
        92    94    88
        87    92    88
        94    95    96
        53    88    94
        95    97    96
        59    88    53
        53    94    96
        52    96    98
        96    97    98
        59    53     1
        53    96    52
        21    59     1
        59    60    88
        97    95    19
        24    52    98
        99    49    25
        99    25    24
        33    49    99
        31    49    33
       100    33    99
       100    99    19
        99    97    19
        37    33   100
        37   100    17
        47    25    49
        48    45    49
        24    98    99
        31    48    49
        99    98    97
        37    17    40
       100    19    17
        40    17    16
        38    36   101
       101    36    40
        39    38   102
        34    39   103
        39   104   103
        38   105   102
        42    27    26
        26    29   106
        42    26   107
        26   108   107
        34   109    29
        25    47   110
        41    42   111
        46    43    41
        25   110    23
        42   112   111
        72    73    74
        74    73   113
        72    75    68
        82    81   114
        80    75    81
        75    74    81
       115   116   117
       118   119   120
       115   117   121
       119   115   121
       122   121   117
       123   120   124
       120   119   124
       124   119   121
       124   121   125
       122   117   126
       117   127   126
       125   121   122
       123   124   128
       124   125   129
       128   124   129
       130   125   122
       128   129   131
       129   125   130
       130   122   132
       132   122   126
       129   130   131
       115   119   118
       131   130   133
       132   126   134
       127   135    12
       127    12    14
       127    14   136
        14    83    84
       136    14    84
       134   126   136
       134   136    84
       127   117   135
       126   127   136
       137    12   135
       134    84   138
        84    82   138
       139    12   140
        12   139    13
        91   141    93
       142    95    93
        76    13   143
        90   144   145
        18   142    15
        91    90   145
        93   141   146
       142    93   146
        18    95   142
        93    95    94
        19    95    18
        90    76   144
        13   139   147
        13   147   143
       143   148   144
       144   148   145
       144    76   143
        91   145   141
        40    16   149
        38   101   105
       101    40   149
       150    34   103
       104    39   102
       109    34   150
       112    42   107
       108    26   106
        29   109   106
       114    81   151
       151    81   113
        82   114   152
        74   113    81
       133   134   138
       132   134   133
       130   132   153
       130   153   133
       154   123   155
       156   128   131
       157   123   128
       158   118   159
       159   118   160
       160   120   161
       123   154   120
       160   118   120
       117   116   135
       115   118   116
        12   137   140
       118   158   116
       135   116   162
       135   162   137
       116   158   162
       163   156   131
       155   123   157
       128   156   157
       161   120   154
       131   133   164
        82   152   138
       163   131   164

tib =

  scalar structure containing the fields:

    Points =

      -3.7889e-03   1.0781e-02   7.1542e-03
      -4.0078e-03   8.8152e-03   1.2334e-02
       7.2110e-03   8.2080e-03   1.2629e-02
       3.8284e-03   1.0202e-02   7.1264e-03
      -8.1858e-03   1.1379e-02  -7.8351e-03
       7.4690e-03   9.6447e-03  -9.0636e-03
       7.5942e-03   6.9281e-03  -1.5312e-02
      -2.2193e-03   6.8082e-03   1.6363e-02
       1.9432e-02   8.1125e-03   1.4506e-02
      -9.0653e-03   9.7968e-03  -1.2376e-02
      -5.4489e-03   7.0071e-03  -1.7036e-02
       6.2429e-03   6.1155e-03   2.0420e-02
       1.5613e-02   7.1339e-03   1.7730e-02
       1.1616e-03   6.2172e-03   2.3454e-02
      -9.1091e-03   9.8747e-03   1.1907e-02
      -1.4294e-02   9.7885e-03   1.6605e-02
      -1.2000e-02   7.8539e-03   2.2932e-02
      -2.0214e-02   1.1919e-02   2.1079e-02
      -1.3830e-02   9.7591e-03   2.8025e-02
      -7.7165e-03   8.4334e-03   2.9627e-02
      -1.2260e-02   1.1806e-02   3.3881e-02
      -7.4617e-03   1.0392e-02   3.3793e-02
      -1.9139e-02   1.1989e-02   1.6885e-02
      -1.8317e-02   1.1892e-02   2.8246e-02
      -1.8184e-03   6.9214e-03   2.7098e-02
       9.5630e-04   7.9580e-03   3.0879e-02
      -2.2856e-03   1.1992e-02   3.6833e-02
       1.3519e-02   6.4063e-03   2.4070e-02
       5.9392e-03   6.6150e-03   2.7273e-02
       1.7138e-02   7.9511e-03   2.8784e-02
       1.2193e-02   8.2258e-03   3.1181e-02
       3.8315e-03   9.8030e-03   3.4365e-02
       1.9819e-02   8.0174e-03   2.6797e-02
       2.1296e-02   8.0146e-03   2.2224e-02
       2.0148e-02   8.6819e-03  -2.9001e-02
       9.5859e-03   6.6697e-03  -2.8347e-02
       2.3158e-02   8.1364e-03  -2.2389e-02
       6.8600e-03   5.7734e-03  -2.0856e-02
       1.7639e-02   7.9386e-03  -1.5686e-02
       1.1323e-02   9.0604e-03  -3.3060e-02
      -8.3916e-03   1.1201e-02  -3.4518e-02
      -1.6414e-02   1.1731e-02  -3.0431e-02
      -1.4021e-02   9.0063e-03  -2.6309e-02
      -5.4838e-03   7.2399e-03  -2.7955e-02
      -1.1956e-02   8.1908e-03  -2.1889e-02
      -1.7443e-02   1.0509e-02  -1.9670e-02
      -2.0237e-02   1.2063e-02  -2.3483e-02
      -1.4754e-02   9.8134e-03  -1.7147e-02
      -1.7831e-02   1.1989e-02  -1.5076e-02
      -1.4945e-02   1.1850e-02   1.2167e-02
       1.4299e-03   9.7670e-03  -3.4283e-02
       3.1579e-03   1.1212e-02  -3.6373e-02

    ConnectivityList =

        1    2    3
        1    3    4
        5    6    7
        3    2    8
        3    9    4
        5    7   10
       10    7   11
        3    8   12
        3   12   13
       12    8   14
       15   16    8
       15    8    2
       16   17    8
       16   18   17
       17   19   20
       19   21   20
       20   21   22
       14    8   17
       16   23   18
       17   18   24
       19   17   24
       17   20   25
       20   22   26
       22   21   27
       21   19   24
       12   14   28
       14   25   29
       28   14   29
       28   29   30
       29   31   30
       29   25   26
       31   29   26
       26   32   31
       13   12   28
       14   17   25
       20   26   25
       22   27   32
       28   30   33
       26   22   32
        9   13   34
       13   28   34
       34   28   33
        9    3   13
       35   36   37
       38   39   37
       38   37   36
       35   40   36
       38   11    7
        6   39    7
       39   38    7
       41   42   43
       41   43   44
       43   45   44
       44   45   11
       46   43   47
       43   46   45
       45   48   11
       45   46   48
       48   10   11
       48   49   10
       43   42   47
       46   47   49
       48   46   49
       16   50   23
       50   15    1
       15    2    1
       16   15   50
        5   10   49
       51   44   36
       51   36   40
       36   44   38
       11   38   44
       51   52   41
       52   51   40
       51   41   44

pairs1 = 

    1   17
    1   18
    1   19
    1   20
    1   21
    1   22
    1   39
    1   40
    1   42
    1   43
    ......
    44   166
    44   169
    44   171
    44   172
    44   173
    44   174
    44   175
    44   229
    44   230
    44   231
    44   232

h = 6.0000e-03

poisson = 0.4600

E = 4.0000e+08

fTransf =

fTransf:(i0,i1,i2,i3,i4,i5)->(o0[4x4]) SXFunction

f_Raux =

f_Raux:(i0,i1,i2,i3,i4,i5)->(o0[3x3]) SXFunction

facesFem =

     1     2     3
     1     3    20
     2     1    52
     4     5     6
     5     4    63
     6    11     4
     7     8     9
     7     9    57
     7    58    55
    10     8     7
    10     7    22
    11    70    72
    11    72     4
    12    13    14
    12   139    13
    12   137   140
    13    76    77
    13    77    83
    13    83    14
    13   139   147
    13   147   143
    14    83    84
    15    16    17
    15    17    18
    18    17    19
    18   142    15
    18    95   142
    19    95    18
    20    21     1
    20    54    22
    21    59     1
    22    21    20
    22    55    21
    23    24    25
    23    50    24
    24    50    52
    24    52    98
    24    98    99
    25    47   110
    25   110    23
    26    27    28
    26    28    29
    26    29   106
    26   108   107
    28    27    30
    28    30    35
    29   109   106
    30    27    31
    30    31    32
    30    36    38
    31    27    41
    31    49    33
    31    48    49
    32    31    33
    33    49    99
    34    29    35
    34    35    39
    34    39   103
    34   109    29
    35    29    28
    35    30    38
    36    30    32
    36    32    37
    36    37    40
    37    32    33
    37    33   100
    37   100    17
    37    17    40
    38    36   101
    38   105   102
    38   101   105
    39    35    38
    39    38   102
    39   104   103
    40    17    16
    40    16   149
    41    27    42
    41    42   111
    42    27    26
    42    26   107
    42   112   111
    43    31    41
    43    48    31
    44    45    46
    45    44    49
    46    48    43
    46    43    41
    47    44    46
    47    25    49
    48    45    49
    49    44    47
    50    51    52
    51     2    52
    52     1    53
    52    96    98
    53    88    94
    53    94    96
    53    96    52
    54    56    22
    55    22     7
    55    59    21
    56    10    22
    59    55    60
    59    88    53
    59    53     1
    59    60    88
    60    55    58
    60    58    66
    60    66    86
    60    86    87
    60    87    88
    61    58     7
    61    64    66
    61    66    58
    61     4    64
    62    61     7
    62     7    57
    63     4    61
    63    61    62
    64    65    66
    65    69    85
    66    65    86
    67    64     4
    67    68    69
    67    65    64
    67     4    72
    67    72    68
    68    75    69
    69    65    67
    69    75    79
    69    79    78
    69    78    85
    70    71    72
    71    73    72
    72    74    75
    72    73    74
    72    75    68
    74    73   113
    74   113    81
    75    74    81
    76    90    89
    76    13   143
    77    76    78
    77    82    83
    78    76    89
    79    75    80
    79    80    77
    79    77    78
    80    81    77
    80    75    81
    81    82    77
    82    81   114
    82   114   152
    82   152   138
    83    82    84
    84    82   138
    86    65    85
    86    85    87
    87    91    92
    87    92    88
    89    85    78
    89    90    87
    89    87    85
    90    91    87
    90   144   145
    90    76   144
    91    93    92
    91   141    93
    91    90   145
    91   145   141
    92    93    94
    92    94    88
    93   141   146
    93    95    94
    94    95    96
    95    97    96
    96    97    98
    97    95    19
    99    49    25
    99    25    24
    99    97    19
    99    98    97
   100    33    99
   100    99    19
   100    19    17
   101    36    40
   101    40   149
   104    39   102
   108    26   106
   109    34   150
   112    42   107
   114    81   151
   115   116   117
   115   117   121
   115   119   118
   115   118   116
   116   158   162
   117   127   126
   117   116   135
   118   119   120
   118   158   116
   119   115   121
   120   119   124
   122   121   117
   122   117   126
   123   120   124
   123   124   128
   123   154   120
   124   119   121
   124   121   125
   124   125   129
   125   121   122
   126   127   136
   127   135    12
   127    12    14
   127    14   136
   127   117   135
   128   124   129
   128   129   131
   128   156   157
   129   125   130
   129   130   131
   130   125   122
   130   122   132
   130   132   153
   130   153   133
   131   130   133
   131   133   164
   132   122   126
   132   126   134
   132   134   133
   133   134   138
   134   126   136
   134   136    84
   134    84   138
   135   116   162
   135   162   137
   136    14    84
   137    12   135
   139    12   140
   142    95    93
   142    93   146
   143   148   144
   144   148   145
   144    76   143
   150    34   103
   151    81   113
   154   123   155
   155   123   157
   156   128   131
   157   123   128
   158   118   159
   159   118   160
   160   120   161
   160   118   120
   161   120   154
   163   156   131
   163   131   164

facesTib1 =

    1    2    3
    1    3    4
    3    2    8
    3    9    4
    3    8   12
    3   12   13
    9   13   34
    9    3   13
   12    8   14
   12   14   28
   13   12   28
   13   28   34
   14    8   17
   14   25   29
   14   17   25
   15   16    8
   15    8    2
   15    2    1
   16   17    8
   16   18   17
   16   23   18
   16   50   23
   16   15   50
   17   19   20
   17   18   24
   17   20   25
   19   21   20
   19   17   24
   20   21   22
   20   22   26
   20   26   25
   21   19   24
   22   21   27
   22   27   32
   26   32   31
   26   22   32
   28   14   29
   28   29   30
   28   30   33
   29   31   30
   29   25   26
   31   29   26
   34   28   33
   50   15    1

centerfem =

          0   0.042000          0

ConFem =

  -1.7796e-02  -2.2634e-02   2.9850e-02   8.5810e-03
  -2.4439e-02  -1.4551e-02   2.6634e-02   4.8263e-03
  -1.8560e-02  -2.4511e-02   2.9529e-02   8.8229e-03
  -3.0663e-02   2.1128e-02  -1.9498e-02   2.6540e-03
  -3.1300e-02   2.1331e-02  -1.8311e-02   3.2836e-03
  -3.0535e-02   1.7727e-02  -2.2644e-02   3.6376e-03
  -3.0369e-02   1.7192e-02   9.5976e-03   3.1960e-03
  -3.0768e-02   1.9086e-02   6.7070e-03   2.2823e-03
  -3.3709e-02   1.1390e-02   9.8511e-03   7.6254e-03
  -3.0442e-02   1.5367e-02   1.1149e-02   5.1238e-03
  -3.1599e-02   1.2101e-02   1.2960e-02   8.3549e-03
  -3.0758e-02   1.0211e-02  -2.5931e-02   5.6746e-03
  -3.2790e-02   1.2850e-02  -2.4470e-02   8.2063e-03
   3.8972e-03  -3.4072e-02  -1.4410e-02   1.0140e-02
   3.8972e-03  -3.4072e-02  -1.4410e-02   1.0140e-02
   1.2168e-02  -3.2023e-02  -1.1140e-02   4.1009e-03
  -1.1196e-02  -3.2401e-02  -1.7326e-02   5.9278e-03
  -7.1333e-03  -3.4543e-02  -2.0899e-02   6.3770e-03
   8.5442e-04  -3.5458e-02  -1.7254e-02   7.6857e-03
  -3.5076e-03  -3.2670e-02  -1.1743e-02   4.2250e-03
  -4.4456e-03  -3.2505e-02  -1.1603e-02   3.8658e-03
   4.8409e-03  -3.6014e-02  -2.3903e-02   6.9035e-03
   6.0797e-03  -3.1732e-02   1.0098e-02   6.9085e-03
   5.8052e-03  -3.2360e-02   1.1389e-02   7.0614e-03
   5.9394e-03  -3.2973e-02   1.2454e-02   7.0601e-03
  -2.6901e-03  -3.1857e-02   1.0411e-02   2.9410e-03
  -6.2518e-03  -3.2468e-02   1.2633e-02   5.1619e-03
  -3.3672e-03  -3.5157e-02   1.7056e-02   6.2543e-03
  -2.8077e-02  -1.3582e-02   2.5420e-02   6.6208e-03
  -2.8413e-02  -2.4152e-03   2.1573e-02   8.9566e-03
  -2.8713e-02  -1.4657e-02   2.3489e-02   7.0088e-03
  -2.8413e-02  -2.4152e-03   2.1573e-02   8.9566e-03
  -3.2794e-02  -1.9465e-03   1.7484e-02   8.5440e-03
   3.8473e-04  -3.0687e-02   3.4914e-02   4.1749e-03
   3.8473e-04  -3.0687e-02   3.4914e-02   4.1749e-03
  -6.1331e-03  -2.9994e-02   3.3219e-02   6.5308e-03
  -7.6434e-03  -3.2009e-02   3.1074e-02   4.9170e-03
   1.0739e-03  -3.3910e-02   3.0769e-02   5.5053e-03
   6.6803e-03  -3.0656e-02   3.6010e-02   3.1412e-03
   6.2745e-03  -3.0393e-02   3.6009e-02   2.8270e-03
   3.0495e-02  -8.0577e-03   3.3145e-02   6.3303e-03
   3.1575e-02  -4.3455e-03   2.9830e-02   4.9403e-03
   2.9215e-02  -2.6306e-04   2.9915e-02   3.6656e-03
   2.7362e-02  -3.5973e-03   3.4486e-02   2.8179e-03
   3.3387e-02  -1.5062e-02   2.7167e-02   7.0432e-03
   3.4209e-02  -9.8413e-03   2.1213e-02   7.0122e-03
   2.9232e-02   1.6142e-03   2.5870e-02   3.0867e-03
   3.1501e-02  -1.9514e-02   2.7557e-02   8.2975e-03
   3.1281e-02  -2.1332e-02   2.5859e-02   7.9129e-03
   3.2378e-02  -1.5967e-02   1.4523e-02   6.5637e-03
   2.9652e-02  -2.0054e-02   3.2576e-02   6.3205e-03
   2.1792e-02  -2.9690e-02   3.0313e-02   7.0250e-03
   2.1591e-02  -2.9152e-02   3.1617e-02   6.8791e-03
   2.4677e-02  -2.9382e-02   2.5748e-02   7.1223e-03
   1.2301e-02  -3.4835e-02   2.6732e-02   7.0234e-03
   3.2467e-02  -2.8364e-03   2.1381e-02   6.1990e-03
   3.0238e-02  -1.0552e-03   1.6434e-02   5.5051e-03
   2.9256e-02  -1.5838e-04   1.5940e-02   5.3191e-03
   3.0238e-02   1.0878e-03   2.3821e-02   3.6171e-03
   3.3157e-02  -4.7847e-03   2.2403e-02   6.6042e-03
   3.2987e-02  -1.2431e-02   1.5243e-02   7.1055e-03
   3.1722e-02  -2.1598e-02   1.8453e-02   6.1454e-03
   2.9162e-02  -2.4900e-02   1.6663e-02   5.2826e-03
   2.4693e-02  -2.4693e-02   1.0795e-02   6.4521e-03
   2.3684e-02  -3.0248e-02   2.1031e-02   7.1805e-03
   2.1589e-02  -3.1304e-02   1.9217e-02   7.0039e-03
   1.9128e-02  -3.0966e-02   1.4344e-02   7.0848e-03
   1.9243e-02  -3.0191e-02   1.2869e-02   6.8851e-03
   3.0242e-02  -1.7706e-02   1.0640e-02   4.5188e-03
   2.8795e-02  -9.7334e-03   9.1465e-03   4.1420e-03
   2.7692e-02  -1.3674e-02   8.8917e-03   4.5374e-03
   3.0970e-02  -8.3760e-03   1.1478e-02   5.9096e-03
   2.9764e-02  -8.1550e-03   1.0030e-02   5.5967e-03
   2.8358e-02  -4.5049e-04   1.3545e-02   3.3330e-03
   1.4261e-02  -2.9229e-02   8.9900e-03   5.1860e-03
   1.4261e-02  -2.9229e-02   8.9900e-03   5.1860e-03
   2.8772e-02  -1.5696e-02   3.5772e-02   3.7312e-03
   2.7820e-02  -1.5511e-02   3.6448e-02   3.5389e-03
   3.0223e-02  -8.0958e-03   3.3539e-02   6.3120e-03
   2.8618e-02  -6.9993e-03   3.4768e-02   5.2947e-03
   2.7187e-02  -1.3590e-02   3.6499e-02   4.2845e-03
   2.6310e-02  -2.2945e-02   3.4416e-02   4.5482e-03
   2.3696e-02  -2.6103e-02   3.3838e-02   4.7384e-03
   1.4975e-02  -2.8370e-02   3.6476e-02   2.2506e-03
   1.5285e-02  -3.0263e-02   3.4459e-02   3.2614e-03
   1.9810e-02  -2.5990e-02   3.6499e-02   3.1438e-03
   2.2109e-02  -2.3237e-02   3.6495e-02   6.6100e-03
   1.3377e-02  -2.8737e-02   3.6499e-02   3.8747e-03
   9.6011e-03  -3.1872e-02   3.3776e-02   6.2264e-03
   1.7658e-02  -2.9373e-02   3.4251e-02   4.3200e-03
   1.2632e-02  -3.1206e-02   3.4264e-02   3.8730e-03
  -6.1331e-03  -2.9994e-02   3.3219e-02   6.5308e-03
  -1.0967e-02  -2.8474e-02   3.1746e-02   2.5156e-03
  -1.8899e-02  -2.5041e-02   2.9083e-02   8.8204e-03
  -9.1938e-03  -3.3014e-02   2.7400e-02   5.5344e-03
  -2.4467e-02  -2.3714e-02   1.6653e-02   5.6338e-03
  -1.8660e-02  -2.8627e-02   2.2772e-02   7.2951e-03
  -1.8219e-02  -2.7647e-02   2.6321e-02   8.1836e-03
  -2.8603e-02   3.3735e-03   1.9253e-02   3.1551e-03
  -3.1833e-02   1.1863e-02   1.2696e-02   8.3657e-03
  -3.3223e-02  -3.7717e-03   1.5707e-02   8.9259e-03
  -2.9392e-02   8.7729e-03   1.6170e-02   3.9098e-03
  -3.3470e-02  -4.1455e-03   1.4800e-02   8.8683e-03
  -2.8302e-02  -1.8286e-02   2.0051e-02   7.4031e-03
  -2.8223e-02  -1.7925e-02   2.0877e-02   7.4582e-03
  -3.0357e-02  -1.4371e-02   1.1484e-02   6.8997e-03
  -3.3997e-02   1.2776e-04   7.3148e-03   8.9226e-03
  -3.2885e-02  -9.8717e-04   2.8796e-03   1.0088e-02
  -3.2526e-02  -2.1916e-03   1.9369e-03   9.9647e-03
  -2.9559e-02  -1.1191e-02   4.0067e-03   7.3344e-03
  -2.8956e-02  -1.4529e-02   8.4990e-03   7.6035e-03
  -3.2657e-02   1.5264e-02   5.6134e-04   8.1362e-03
  -3.1448e-02   1.1913e-02  -6.9164e-03   7.9139e-03
  -3.2263e-02   1.2019e-02  -2.5598e-03   8.5713e-03
  -3.1884e-02   1.8567e-02  -1.3642e-02   7.7819e-03
  -3.1810e-02   1.9227e-02   9.6595e-04   7.0429e-03
  -3.1359e-02   1.9720e-02   1.8444e-03   6.3129e-03
  -3.1768e-02   2.0063e-02  -1.3594e-02   7.6358e-03
  -3.0051e-02   2.1521e-02  -9.8443e-03   5.6482e-03
  -3.2117e-02   3.2217e-03  -1.3460e-02   7.7741e-03
  -3.0044e-02  -1.0220e-02  -1.3532e-02   5.9345e-03
  -3.0575e-02  -3.1264e-03  -6.5793e-03   7.3395e-03
  -3.3883e-02   1.3481e-02  -2.1061e-02   7.0102e-03
  -3.3708e-02  -2.8994e-03  -1.9994e-02   9.7513e-03
  -3.2506e-02   3.1022e-03  -1.4989e-02   7.7898e-03
  -3.2790e-02   1.2850e-02  -2.4470e-02   8.2063e-03
  -3.4329e-02  -2.8296e-04  -2.3352e-02   7.2588e-03
  -3.1181e-02  -1.2420e-02  -2.4310e-02   5.7427e-03
  -3.3708e-02  -2.8994e-03  -1.9994e-02   9.7513e-03
  -2.8927e-02  -1.7112e-02  -2.3078e-02   7.1942e-03
  -2.7449e-02  -1.9242e-02  -1.8281e-02   8.2655e-03
  -2.6814e-02  -1.8701e-02  -1.6251e-02   8.5520e-03
  -3.0031e-02   6.8348e-03  -2.7303e-02   3.3686e-03
  -2.9925e-02   6.9444e-04  -2.8855e-02   5.6806e-03
  -3.1295e-02  -4.3722e-03  -2.8663e-02   9.8989e-03
  -3.1187e-02  -9.4662e-04  -2.9129e-02   6.6833e-03
  -3.1295e-02  -4.3722e-03  -2.8663e-02   9.8989e-03
  -2.6513e-02  -7.1849e-03  -3.0543e-02   3.3085e-03
  -2.2162e-02  -1.7244e-02  -3.1797e-02   1.2402e-02
  -2.2162e-02  -1.7244e-02  -3.1797e-02   1.2402e-02
  -1.6932e-02  -2.5186e-02  -9.5216e-03   7.4627e-03
  -7.6590e-03  -3.1466e-02  -1.1183e-02   4.5784e-03
  -1.6434e-02  -2.9569e-02  -1.7584e-02   7.2696e-03
  -7.6433e-03  -3.3325e-02  -2.7652e-02   7.1553e-03
  -1.8225e-02  -2.5496e-02  -1.1560e-02   7.8496e-03
  -2.5335e-02  -1.9470e-02  -2.9903e-02   6.8689e-03
  -1.8950e-02  -2.8017e-02  -2.4751e-02   8.0411e-03
  -1.9226e-02  -2.8212e-02  -2.3564e-02   7.9459e-03
  -1.6892e-02  -2.8711e-02  -2.7284e-02   7.3160e-03
  -2.2271e-02  -2.0669e-02  -3.1331e-02   9.9963e-03
  -1.0205e-02  -3.1458e-02  -2.9466e-02   7.3097e-03
  -7.7783e-03  -2.8363e-02  -3.4374e-02   7.3818e-03
  -1.1677e-04  -3.0856e-02  -3.5246e-02   4.7878e-03
   2.5555e-03  -3.1142e-02  -3.5250e-02   7.2753e-03
   5.5020e-04  -3.4378e-02  -3.0193e-02   6.6955e-03
   2.6993e-03  -3.1534e-02  -3.4779e-02   7.3024e-03
  -2.9790e-02  -7.9458e-03  -8.9572e-03   6.1486e-03
  -2.5996e-02  -1.4915e-02  -3.5216e-03   6.2886e-03
  -2.0213e-02  -2.0747e-02   2.5550e-03   6.2349e-03
  -2.5824e-02  -1.8654e-02   7.7705e-03   5.7954e-03
  -2.4906e-02  -1.9733e-02  -1.3729e-02   7.8789e-03
  -1.9571e-02  -2.1249e-02  -1.4112e-03   8.0254e-03
  -2.5287e-02  -1.5828e-02  -3.8937e-03   6.3843e-03
  -1.9571e-02  -2.1249e-02  -1.4112e-03   8.0254e-03
  -1.1089e-02  -2.7460e-02  -4.6935e-03   3.5873e-03
  -1.1864e-02  -2.8390e-02  -7.9187e-03   4.3761e-03
  -1.7002e-02  -2.5250e-02   7.7178e-03   5.2561e-03
  -1.3063e-02  -2.7070e-02   5.2729e-03   4.2048e-03
  -1.4044e-02  -2.5785e-02  -1.0949e-03   4.1633e-03
  -1.2497e-02  -2.6489e-02   1.4922e-03   3.6470e-03
  -1.8366e-02  -2.6079e-02   1.0728e-02   5.9465e-03
  -2.2859e-02  -2.3847e-02   1.2474e-02   5.6836e-03
  -1.1253e-02  -2.8307e-02   6.2243e-03   3.5518e-03
  -1.4835e-02  -3.0467e-02   1.5156e-02   6.4812e-03
  -1.5223e-02  -3.0975e-02   1.7542e-02   6.5337e-03
  -6.2672e-03  -3.4833e-02   2.2487e-02   6.8987e-03
  -6.2584e-03  -3.4851e-02   2.3140e-02   6.8677e-03
  -3.5002e-03  -3.5262e-02   1.8157e-02   6.3527e-03
   9.1396e-03  -3.2757e-02   3.2481e-02   6.4374e-03
   1.3572e-03  -3.3733e-02   3.1113e-02   5.5227e-03
   4.1137e-03  -3.6189e-02   2.2926e-02   5.4526e-03
   6.5876e-04  -3.5377e-02   2.7730e-02   4.9028e-03
   1.2019e-02  -3.4995e-02   2.5301e-02   7.1751e-03
   8.7754e-03  -3.5643e-02   2.1657e-02   7.3056e-03
   9.2487e-03  -3.4897e-02   1.6446e-02   6.8324e-03
   2.4385e-02  -2.3564e-02   9.8917e-03   6.6192e-03
   2.2726e-02  -2.2838e-02   8.8900e-03   7.1182e-03
   2.7362e-02  -3.5862e-03   1.0744e-02   2.6034e-03
   2.8120e-02   2.6347e-04   3.0688e-02   3.3709e-03
   2.8039e-02   3.0668e-03   2.2126e-02   2.0588e-03
   2.7892e-02  -9.0258e-03   3.6166e-02   3.0697e-03
  -7.7783e-03  -2.8363e-02  -3.4374e-02   7.3818e-03
   3.0903e-02  -2.0307e-02  -1.4028e-02   5.8987e-03
   3.1456e-02  -2.0084e-02  -1.5163e-02   6.0365e-03
   3.1120e-02  -9.9686e-03  -1.0961e-02   5.2630e-03
   2.8988e-02  -1.2121e-02  -9.1537e-03   6.8641e-03
   2.7877e-02  -1.3742e-02  -8.9974e-03   5.2593e-03
   2.7480e-02  -2.7068e-02  -2.2777e-02   7.3176e-03
   2.6124e-02  -2.4108e-02  -1.1067e-02   5.9891e-03
   3.1096e-02  -3.3171e-03  -1.4058e-02   5.4653e-03
   2.8988e-02  -1.2121e-02  -9.1537e-03   6.8641e-03
   3.3908e-02  -1.3034e-02  -1.7060e-02   5.3972e-03
   3.3058e-02  -4.6686e-03  -2.0546e-02   6.4125e-03
   3.1167e-02  -2.3047e-02  -2.1500e-02   6.5075e-03
   2.7480e-02  -2.7068e-02  -2.2777e-02   7.3176e-03
   3.2670e-02  -3.0755e-03  -2.2085e-02   6.0143e-03
   3.1655e-02  -2.0271e-03  -2.6270e-02   5.5348e-03
   2.9998e-02   1.8858e-03  -2.0232e-02   3.0000e-03
   3.4132e-02  -1.1032e-02  -2.1099e-02   6.7249e-03
   3.4290e-02  -1.2286e-02  -2.3138e-02   6.2822e-03
   3.3751e-02  -1.1546e-02  -2.8077e-02   4.9134e-03
   3.2693e-02  -2.0497e-02  -2.4179e-02   5.4613e-03
   2.3780e-02  -3.0327e-02  -2.5195e-02   5.2244e-03
   1.9850e-02  -3.0833e-02  -1.4522e-02   6.6167e-03
   1.5898e-02  -3.3946e-02  -1.9062e-02   7.9570e-03
   1.5852e-02  -3.3975e-02  -1.9464e-02   7.9673e-03
   2.3979e-02  -2.8496e-02  -1.4680e-02   6.1789e-03
   3.1404e-02  -6.2230e-03  -3.1050e-02   5.4460e-03
   3.0871e-02  -6.2279e-03  -3.2018e-02   5.3328e-03
   2.7399e-02  -1.4837e-03  -3.2953e-02   2.9734e-03
   3.1380e-02  -1.6204e-02  -3.1874e-02   5.0283e-03
   2.9155e-02  -1.4146e-02  -3.5197e-02   6.1378e-03
   3.1426e-02  -1.9705e-02  -2.9849e-02   4.7387e-03
   2.7967e-02  -2.3569e-02  -3.1873e-02   4.8824e-03
   2.7054e-02  -2.1642e-02  -3.4853e-02   2.6306e-03
   2.7807e-02  -1.9493e-02  -3.5483e-02   2.0862e-03
   2.9155e-02  -1.4146e-02  -3.5197e-02   6.1378e-03
   2.8108e-02  -1.3025e-02  -3.6503e-02   5.0228e-03
   2.7538e-02  -2.4295e-02  -3.1642e-02   4.9602e-03
   2.3193e-02  -2.6843e-02  -3.3515e-02   4.7652e-03
   2.3582e-02  -2.2500e-02  -3.6415e-02   6.4018e-03
   1.8712e-02  -2.3857e-02  -3.6501e-02   1.0981e-02
   2.0256e-02  -2.9863e-02  -3.1259e-02   5.7347e-03
   1.4067e-02  -3.1623e-02  -3.2215e-02   7.9717e-03
   1.3285e-02  -3.1263e-02  -3.3334e-02   7.8457e-03
   2.4389e-02  -2.2685e-02  -9.0105e-03   5.5275e-03
   2.0958e-02  -2.3842e-02  -8.9020e-03   8.5705e-03
   1.2238e-02  -3.4816e-02  -2.4521e-02   7.7125e-03
   1.7782e-02  -3.0695e-02  -1.1668e-02   5.5981e-03
   6.6302e-03  -3.2574e-02  -1.1557e-02   7.9943e-03
  -8.7682e-03  -3.1180e-02   1.1538e-02   5.6227e-03
  -8.6835e-03  -2.9564e-02   8.7311e-03   4.5957e-03
  -6.6087e-03  -2.9327e-02  -4.9114e-03   4.2414e-03
  -9.1915e-03  -2.8334e-02  -3.5057e-03   2.6637e-03
  -8.2248e-03  -3.0470e-02  -9.8767e-03   4.2968e-03
   2.8354e-02   2.1140e-03   1.8205e-02   2.5744e-03
  -1.7510e-02  -1.8954e-02  -3.2662e-02   1.2265e-02
   2.7736e-02   3.0979e-03  -2.3850e-02   2.8094e-03
   2.8901e-02   1.5919e-03  -2.7117e-02   4.2809e-03
   2.9411e-02  -4.6398e-03  -3.3897e-02   4.3771e-03
   2.9754e-02   7.5763e-04  -2.7268e-02   4.4465e-03
   2.7318e-02  -6.0993e-03  -9.7288e-03   2.5572e-03
   2.8461e-02  -2.6715e-03  -1.1254e-02   3.4684e-03
   2.9288e-02   3.4403e-04  -1.5500e-02   2.9156e-03
   3.0325e-02  -2.2611e-03  -1.3458e-02   5.2726e-03
   2.8482e-02   2.0778e-03  -1.8429e-02   3.0662e-03
   2.7621e-02  -6.2798e-03  -3.5701e-02   2.6568e-03
   2.8108e-02  -1.3025e-02  -3.6503e-02   5.0228e-03

ConTib1 =

   1.7110e-03   9.4944e-03   9.8914e-03   6.2767e-03
   1.7110e-03   9.4944e-03   9.8914e-03   6.2767e-03
   1.5963e-03   8.4635e-03   1.2582e-02   5.6207e-03
   1.1630e-02   9.1572e-03   1.0816e-02   8.6935e-03
   3.1777e-03   7.1233e-03   1.6073e-02   5.4139e-03
   1.0264e-02   7.1613e-03   1.6964e-02   5.4045e-03
   1.9524e-02   7.8796e-03   1.8566e-02   4.0675e-03
   1.3322e-02   8.1602e-03   1.3567e-02   6.1825e-03
   1.8238e-03   6.4496e-03   1.8782e-02   4.7251e-03
   7.3402e-03   6.3118e-03   2.3762e-02   6.1870e-03
   1.1124e-02   6.5830e-03   1.9742e-02   4.9503e-03
   1.7083e-02   7.2159e-03   2.1783e-02   4.3116e-03
  -5.3804e-03   7.0535e-03   2.2266e-02   6.7014e-03
   2.0604e-03   6.7682e-03   2.7185e-02   3.8828e-03
  -5.4194e-03   7.0356e-03   2.3193e-02   6.6368e-03
  -8.2568e-03   8.2983e-03   1.6484e-02   6.2198e-03
  -5.6642e-03   8.3415e-03   1.4135e-02   4.3796e-03
  -6.1901e-03   1.0181e-02   9.7927e-03   3.6176e-03
  -8.2966e-03   8.0325e-03   1.7769e-02   6.3568e-03
  -1.5890e-02   9.9108e-03   2.1096e-02   4.7674e-03
  -1.7254e-02   1.0854e-02   1.8842e-02   3.8597e-03
  -1.6541e-02   1.1500e-02   1.4984e-02   3.2564e-03
  -1.2172e-02   1.0210e-02   1.3744e-02   3.5871e-03
  -1.0341e-02   8.3611e-03   2.6569e-02   4.0300e-03
  -1.6343e-02   1.0265e-02   2.3883e-02   5.0575e-03
  -6.9094e-03   7.3877e-03   2.5015e-02   5.5204e-03
  -1.1064e-02   1.0011e-02   3.0692e-02   3.8505e-03
  -1.5159e-02   9.8731e-03   2.5589e-02   4.5948e-03
  -9.9883e-03   1.0119e-02   3.1754e-02   3.5397e-03
  -3.5501e-03   8.9078e-03   3.1700e-02   4.6780e-03
  -3.3801e-03   8.1957e-03   3.0253e-02   4.3878e-03
  -1.5289e-02   1.1849e-02   3.1064e-02   4.1368e-03
  -7.2729e-03   1.1899e-02   3.5357e-02   5.2019e-03
  -1.8151e-03   1.0097e-02   3.4079e-02   5.6615e-03
   6.5746e-03   8.0919e-03   3.1030e-02   5.6220e-03
  -1.8151e-03   1.0097e-02   3.4079e-02   5.6615e-03
   7.3402e-03   6.3118e-03   2.3762e-02   6.1870e-03
   1.1539e-02   7.2831e-03   2.8029e-02   5.6897e-03
   1.6669e-02   7.2118e-03   2.5434e-02   3.5258e-03
   1.1539e-02   7.2831e-03   2.8029e-02   5.6897e-03
   2.0589e-03   6.8138e-03   2.7333e-02   3.8859e-03
   6.5746e-03   8.0919e-03   3.1030e-02   5.6220e-03
   1.7487e-02   7.2552e-03   2.3519e-02   4.0949e-03
  -9.3671e-03   1.1315e-02   9.6607e-03   6.1388e-03